22
-235.60393,-218.44113,-131.97533
-48.17772,-238.50143,-131.97533
68.765076,-181.44533,-131.97533
227.78325,-239.70438,-131.97533
255.58676,-74.424706,-131.97533
158.66348,102.87355,-131.97533
268.94232,169.43153,-131.97533
260.7537,181.40182,-131.97533
143.49284,119.16025,-131.97533
-52.05336,173.84683,-131.97533
-195.04274,246.2341,-131.97533
-223.31404,65.66162,-131.97533
-196.82288,-13.3665085,-131.97533
-117.60127,10.129847,-131.97533
-105.143364,149.32867,-131.97533
114.54098,86.25251,-131.97533
184.38353,-134.30722,-131.97533
32.78503,-84.914856,-131.97533
-71.43599,-139.36407,-131.97533
-114.6635,10.546337,-131.97533
-197.48682,-13.06345,-131.97533
-170.63919,-70.96516,-131.97533
