22
-235.60393,-218.44113,0.65190923
-48.17772,-238.50143,0.65190923
68.765076,-181.44533,0.65190923
227.78325,-239.70438,0.65190923
255.58676,-74.424706,0.65190923
158.66348,102.87355,0.65190923
268.94232,169.43153,0.65190923
260.7537,181.40182,0.65190923
143.49284,119.16025,0.65190923
-52.05336,173.84683,0.65190923
-195.04274,246.2341,0.65190923
-223.31404,65.66162,0.65190923
-199.7755,-11.516618,0.65190923
-113.9941,12.273125,0.65190923
-105.143364,149.32867,0.65190923
114.54098,86.25251,0.65190923
184.38353,-134.30722,0.65190923
32.78503,-84.914856,0.65190923
-71.43599,-139.36407,0.65190923
-114.6635,10.546337,0.65190923
-197.48682,-13.06345,0.65190923
-170.63919,-70.96516,0.65190923
